16.475
35.525
16.675
31.125
19.325
51.625
4.575
21.125
23.975
14.275
36.025
55.325
26.625
53.025
164.225
35.875
45.125
21.775
46.425
51.325
38.875
15.375
64.625
16.725
34.075
34.225
33.175
45.725
14.875
59.425
49.725
25.525
64.825
55.525
55.925
52.625
36.925
57.625
43.675
42.725
19.625
37.775
24.925
22.275
28.975
42.125
35.975
12.175
44.575
58.475
42.975
16.025
31.625
38.925
26.525
26.525
20.775
78.725
27.575
44.275
37.725
67.325
38.775
43.575
53.625
15.925
31.875
21.875
50.075
26.275
30.225
41.475
30.775
52.975
53.875
51.475
25.475
13.975
26.425
11.825
27.125
9.325
14.675
94.725
49.725
60.725
68.025
148.125
79.625
26.475
14.075
37.525
47.925
34.725
52.325
53.225
56.525
41.125
11.725
26.775
31.925
18.025
46.725
51.425
45.925
42.675
58.425
56.625
36.525
23.425
35.825
31.925
28.125
15.675
37.575
58.225
42.525
83.425
53.625
41.925
19.725
53.725
33.925
15.175
15.375
22.225
27.925
13.625
21.525
61.825
39.625
22.225
21.325
52.175
23.225
50.075
37.475
19.575
37.625
46.425
23.425
20.325
30.125
31.425
25.525
43.075
12.375
36.275
43.775
37.925
55.325
36.225
17.675
38.175
13.325
15.825
15.275
15.225
15.675
64.625
57.125
37.225
14.425
14.325
67.525
5.625
47.025
50.925
60.025
41.925
30.125
46.125
38.525
45.725
34.175
24.575
32.475
14.225
34.675
24.575
44.875
25.075
34.675
25.975
57.825
40.625
36.325
38.425
20.625
21.725
54.225
26.525
38.375
46.025
34.475
18.175
126.825
63.125
64.925
47.325
34.525
46.375
35.525
33.225
73.125
30.525
37.125
41.625
57.525
33.825
32.825
26.425
49.175
20.025
18.575
57.525
64.925
18.275
60.725
34.325
22.575
17.775
42.225
31.925
25.925
50.825
29.325
10.575
18.325
15.775
39.875
27.875
48.075
42.475
11.075
48.075
48.725
41.975
39.625
41.575
27.125
29.075
18.625
16.725
9.925
10.875
6.725
30.825
40.875
23.225
33.175
17.975
37.675
17.725
11.675
13.475
28.325
18.425
17.475
18.275
19.225
27.625
31.625
40.725
13.175
9.225
9.975
41.325
49.125
51.425
40.025
